05114
08502
02635
03355
06987
06374
02175
03073
00356
00704
03587
05213
08816
03194
03487
11379
09641
10560
00795
08738
03043
08851
08201
06971
07545
06469
07862
02170
08890
05362
01673
01045
01144
09377
04981
00326
11082
10669
02277
08418
01853
08642
05807
11123
08301
08061
01578
08152
10531
09624
08646
02705
03594
00162
03196
10625
05006
09993
03757
07316
10620
10104
08410
00134
09308
07761
04767
11496
11143
07460
10174
05492
05467
06973
04782
01746
06426
07068
08516
05525
10813
07726
01584
04862
00217
01617
01155
00452
02543
04443
04664
04131
08984
03396
01180
04152
05588
05437
07906
08878
03002
03705
06754
01755
03367
05592
06690
02223
09213
00717
00368
07583
07598
08598
03172
00505
06902
05693
08737
09670
07980
10938
03005
08889
03758
01740
03120
10486
10024
06255
06062
05034
11137
00041
06188
07621
01192
01888
05944
00386
10683
02256
01518
10585
03201
08547
05776
04522
06336
10642
08086
08013
05154
07569
06313
02213
08269
02892
04531
00520
05749
04120
02115
05906
06996
10808
01870
01130
01843
09100
00806
11482
08203
00093
01526
03745
06986
02777
07006
09621
01962
01611
09216
06982
09328
06768
00080
01450
08991
11021
09628
01091
03597
02410
10146
02895
01344
03502
00419
05312
02087
04424
03405
09192
05898
08980
04905
03847
09210
02693
02030
00930
09773
01236
00036
02357
11493
00809
06245
04086
06821
11572
05517
05209
10482
08827
04775
07530
00006
03257
02535
06748
05666
03680
04919
00984
09808
09053
09097
01183
11518
03606
07852
02332
03495
04518
02446
00754
08395
08109
06042
09037
03300
05151
05835
09770
11231
02288
05053
01222
01652
10980
02614
00710
04255
07261
07244
02873
06778
00314
03416
01809
11571
06219
07184
07299
09145
06879
02396
08522
03505
02483
02773
07069
03324
09048
07526
07735
05228
03039
01470
10122
09075
09384
00977
06178
01397
02683
06993
01663
11311
06286
07248
11416
04111
09045
05224
04146
01618
01723
09259
09697
01727
03048
09415
04597
01599
02180
02320
07317
01838
11582
10866
08150
07325
05756
03045
05583
09280
11322
02208
07991
00899
01557
05451
09456
03826
09802
06734
08272
05474
05479
09567
01753
04796
07620
02909
01610
03101
03772
02225
05905
06688
11213
04783
03682
08746
03357
06304
10460
03454
11090
09946
05950
02624
08117
08012
08760
02299
08718
10834
08475
05992
07485
08267
07559
09069
06903
05792
07531
04525
01220
09228
05622
03469
03521
08886
01922
04611
05392
05724
08739
06024
10488
07415
04774
05761
08330
09231
03319
10883
00671
05358
08745
03437
09202
03345
04557
06242
02625
01702
05314
00766
10426
07847
00446
08604
08498
04154
09193
08625
11296
11501
03467
09276
06947
05048
03554
06176
09063
10513
08684
04501
01349
08755
00056
05342
00323
10475
07282
11631
01181
00108
06081
07117
09586
10928
09545
06732
02644
01563
06747
11077
06802
10221
10172
09974
11328
00971
06152
05715
10106
01074
08494
00720
08989
08268
02402
11536
02193
02316
00882
01600
06767
01479
11515
03294
07706
02435
01945
01396
00463
04670
06247
10212
01515
02754
09157
06058
01103
01862
04939
06128
11113
03083
06830
08836
10880
11381
09981
01353
06262
10994
06700
04334
04726
01769
07111
00139
01919
03311
01293
01465
05598
10067
02941
04540
02178
07553
03132
10505
03458
10123
04478
02965
04145
03503
09423
06918
11002
00302
00381
10155
03053
04392
05995
03484
01923
09181
01301
00240
08297
10631
08899
04213
05441
11683
11347
10944
00225
02374
09983
10936
04777
11201
10455
06579
02031
06680
04960
02949
08351
11418
06936
03475
10208
04561
04119
08865
01471
10499
04068
04098
02685
08469
11281
10195
01976
09316
00046
01028
10827
03891
07333
00733
03695
07133
05438
00100
05285
04885
01269
09128
07469
10751
05172
07139
00725
07329
02813
00565
04444
02957
11570
05171
09734
03817
09073
02217
08943
06611
11315
04507
03471
11542
11354
11092
07673
02283
09815
05911
04954
02959
03904
08912
00564
07115
00664
04911
00611
05107
02395
08314
03701
00669
02615
04741
09468
01779
08380
10902
06931
04180
05705
04394
00641
04274
03984
08966
01833
04171
03126
10798
05953
03763
02716
09418
01527
00737
04719
08347
00628
07549
02238
11107
01693
04352
06221
06845
04257
03815
01745
06562
00254
11509
09976
02577
06043
08776
04240
07475
09182
07239
08583
06267
08097
04519
00435
09398
09438
10859
08973
11105
07416
09964
08223
09442
08137
09772
10794
01738
05468
08171
03093
11455
06282
03193
01768
07372
10378
11318
01766
08919
00403
04011
07707
04553
02280
06895
10003
05286
09870
08792
11151
08875
03641
02573
01237
05791
04694
08778
00894
02184
06731
05921
02843
10904
05257
10142
09699
04353
08037
05649
00667
08047
00599
09986
01253
04397
03887
00798
07963
09775
07297
00561
08173
01930
08517
09616
08706
06035
07094
00366
08243
09090
07603
06549
07436
09728
10844
06800
08287
03941
05300
01598
07488
07256
07099
07675
04001
06387
01455
02597
09185
07713
09127
03161
05558
00915
08645
02286
09759
02692
03058
04326
08810
07685
01094
09605
11440
09875
11497
03583
02795
06022
04521
06694
03304
03013
10849
03564
05069
08406
02494
06428
02657
09239
07966
03896
07493
07251
03025
08786
05382
10820
09436
02511
01184
11264
07582
05080
05399
05430
04571
09023
06674
03575
06453
07858
02110
08854
03079
08198
02860
03180
10093
04441
07303
05456
11333
02835
01612
00040
02954
02479
02778
01780
02026
11025
07393
00478
00057
06746
04147
03613
02001
09718
08767
11104
03116
10779
11159
03318
07993
01000
09445
09556
05532
05422
05077
02204
04548
02726
00033
09703
08323
02102
11111
01904
01263
05784
10057
04409
02179
10350
10113
02518
10811
04536
00792
03210
00531
00636
03702
07070
01573
09126
00729
01492
09020
10926
04015
04992
07615
08179
04302
11394
05218
02072
06292
09408
00852
08138
03638
06388
05052
06435
08510
04238
03774
09837
11585
09315
07284
10341
02630
08408
11087
07753
02130
05781
02689
08637
08478
06784
06576
00918
00662
00586
04318
00865
04804
08577
10275
09211
03574
03818
11166
05511
09927
00909
10308
05256
10042
00847
08453
03546
07033
08235
07034
06451
04746
06257
10445
07996
11254
06605
08246
01761
01374
07637
11648
10404
03148
05849
08358
07377
07674
08592
03185
01806
00821
11441
05105
06470
08072
04927
08924
03482
10561
